163 738 537 948 444 406 143 621 263 937 500 297 681 224 252 830 686 805 569 732
431 619 798 924 338 839 557 34 467 979 697 512 361 897 204 622 333 491 605 339
730 663 318 799 143 249 778 734 45 119 882 701 249 985 908 717 370 753 252 547
918 40 522 605 195 546 865 992 501 456 965 630 65 637 558 998 608 20 184 184
822 635 299 921 900 231 62 450 335 195 854 99 274 662 690 878 653 516 339 490
29 584 616 154 944 792 534 192 772 455 966 912 893 299 589 854 486 838 674 78
986 103 157 254 701 556 850 604 805 269 476 172 336 533 702 5 233 797 851 738
660 694 711 463 670 161 556 727 702 253 726 904 841 346 994 606 289 405 792 259
982 966 603 126 58 247 993 532 78 324 487 110 682 471 343 305 293 481 724 516
607 464 466 584 775 496 880 495 904 811 999 299 920 485 169 620 302 990 955 652
186 74 380 60 278 35 587 695 573 672 148 299 336 293 430 886 593 248 256 750
467 460 136 860 312 712 340 391 341 458 77 943 664 49 232 907 369 107 914 866
653 809 317 496 632 256 484 330 842 519 106 841 624 473 33 107 80 605 692 701
991 812 345 985 576 26 183 476 39 609 558 913 989 543 241 301 585 510 439 954
176 75 980 700 162 668 976 962 671 992 269 332 81 955 666 568 997 72 666 87 898
471 355 479 844 408 733 834 553 716 156 754 154 505 194 638 43 435 44 198 381
649 265 770 713 796 173 944 96 352 789 89 325 40 655 900 194 446 421 569 421
488 143 90 438 751 142 217 602 970 187 570 952 232 845 639 344 952 851 344 118
984 323 553 658 746 75 23 915 940 567 5 933 364 193 169 612 395 257 229 887 648
354 526 216 555 564 811 508 656 236 351 841 290 726 366 25 297 205 259 800 114
132 356 3 411 117 925 347 175 865 392 334 220 764 350 731 309 856 762 418 73
996 822 844 346 529 32 887 74 861 553 129 456 543 456 995 820 88 190 480 732
517 102 409 475 717 395 224 187 988 50 209 21 853 517 978 19 13 997 182 56 851
908 900 566 421 392 526 497 899 706 6 6 867 419 477 362 458 718 387 255 204 824
685 708 803 791 140 690 856 469 691 400 7 322 349 205 368 980 522 446 314 561
206 299 60 862 585 760 729 426 597 897 266 600 196 58 517 971 451 510 85 100
552 576 589 893 264 179 78 994 81 742 398 94 585 182 706 583 377 457 582 630 21
232 340 371 801 344 579 924 691 530 722 868 260 847 225 527 325 180 123 597 29
502 493 512 943 239 578 912 243 217 710 364 513 765 638 715 298 928 781 172 168
474 766 5 673 18 199 649 299 923 639 370 98 797 228 723 528 265 670 333 988 813
114 118 936 139 221 476 413 226 595 672 544 462 887 114 261 218 523 358 892 413
15 858 825 340 928 675 633 730 878 555 275 861 925 119 146 477 395 977 792 901
566 718 190 12 172 231 493 727 686 807 283 446 958 669 312 527 25 567 756 620
724 593 861 227 270 662 504 878 189 996 967 162 79 713 250 625 284 389 433 998
355 205 31 354 969 730 798 382 863 85 48 726 710 555 853 74 989 285 411 56 427
139 394 886 775 375 604 709 726 948 945 114 827 119 252 703 134 139 856 561 237
331 545 192 683 462 580 965 351 153 893 668 201 264 201 98 281 354 430 769 592
118 79 620 710 583 267 848 730 785 307 900 476 518 152 636 380 469 589 993 784
870 78 51 948 381 338 278 564 30 946 159 723 780 667 314 225 915 290 993 613
602 998 63 530 285 102 995 872 645 996 39 991 593 523 309 557 444 35 978 819
353 295 391 306 817 938 944 406 823 710 86 401 730 591 406 551 335 814 868 599
697 462 385 920 632 946 3 567 439 461 168 57 157 907 31 735 527 236 342 230 962
601 887 784 585 698 576 162 949 810 482 584 869 644 388 280 300 192 919 168 180
473 974 53 981 730 552 968 39 290 781 717 633 631 155 84 675 664 272 996 450 13
527 749 148 171 371 341 398 866 704 901 249 775 164 533 209 950 18 763 834 208
495 687 807 409 677 457 412 950 223 517 623 604 871 443 958 306 249 221 637 872
801 39 132 717 120 353 704 693 997 144 891 618 994 904 924 137 749 155 621 300
556 784 952 550 785 304 535 543 913 256 161 773 778 90 553 292 753 942 573 467
355 576 14 561 902 410 343 985 143 436 976 892 65 151 780 326 815 927 8 813 926
882 241 389 819 726 747 354 898 391 301 616 428 500 774 584 703 592 517 874 934
444 369 535 554 840 810 585 186 869 435 431 233 31 211 933 291 545 125 108 168
647 454 999 119 247 382 664 671 979 980 475 518 503 90 493 751 781 77 402 741
429 931 208 996 688 533 653 56 687 166 399 962 118 611 455 890 805 942 623 125
777 748 978 850 822 105 742 158 94 225 434 62 13 246 847 978 374 703 543 293
902 270 704 189 798 543 805 189 411 701 496 397 249 272 849 819 170 173 499 988
260 547 636 940 698 960 644 301 826 936 401 633 698 854 677 594 692 947 972 38
245 723 580 854 36 681 815 217 501 928 454 448 679 284 213 134 123 92 677 263
498 755 623 144 599 584 212 239 712 658 147 18 389 469 5 547 33 149 823 776 504
359 887 199 612 340 168 143 204 877 74 299 750 49 269 407 692 544 613 19 236
778 856 136 695 709 913 176 278 560 621 727 739 286 620 22 922 5 700 550 973
986 745 463 862 220 149 248 122 714 766 704 798 103 786 131 482 811 921 667 431
359 794 960 804 217 282 890 566 177 213 12 885 305 532 700 26 287 771 99 826
695 185 272 456 961 444 405 596 588 293 481 155 93 495 728 467 414 374 233 56
81 808 791 680 587 628 157 949 636 359 546 988 574 949 353 757 655 811 379 6
777 144 659 971 636 481 933 359 191 966 254 13 866 438 906 459 227 912 691 529
787 519 529 382 730 288 316 957 109 47 405 737 536 358 211 274 172 374 754 346
174 902 120 640 568 439 210 657 116 634 692 913 245 116 386 67 818 402 196 298
156 565 928 885 245 852 679 995 254 116 185 994 12 232 580 854 155 52 383 898
808 187 850 836 348 484 184 590 634 797 379 178 698 138 354 619 731 116 262 941
439 132 674 474 92 364 543 416 340 315 133 998 911 843 456 283 690 345 902 377
537 294 369 177 230 612 19 80 632 869 827 371 975 757 453 571 559 636 986 946
445 447 678 212 251 883 719 109 267 611 879 357 363 251 560 396 514 982 790 586
882 849 340 646 790 634 947 526 875 365 736 911 725 926 500 276 176 547 913 436
796 384 530 704 831 822 856 557 242 231 126 906 310 800 351 446 943 183 713 608
261 768 64 216 182 347 369 371 835 408 594 66 129 771 421 258 753 121 404 413
494 96 554 222 850 800 63 353 332 665 533 461 685 658 945 117 243 158 685 314
574 986 349 575 548 884 337 530 291 323 786 744 860 48 85 36 231 973 652 68 634
533 97 569 54 636 907 600 163 527 869 971 436 645 753 346 737 542 866 677 538
483 554 755 477 740 730 610 379 617 207 243 241 577 18 604 908 646 421 625 367
500 537 146 468 10 972 669 838 162 838 324 271 245 476 543 702 946 833 428 462
429 193 640 660 581 746 976 325 590 932 908 221 222 347 45 321 96 162 583 133
872 502 510 498 48 441 603 956 378 711 169 793 684 262 196 261 639 173 395 780
216 487 461 8 877 90 691 606 377 642 426 85 271 570 440 833 417 194 181 661 998
277 506 145 485 800 179 878 537 222 90 185 91 341 859 85 775 312 381 696 790
134 150 824 898 146 661 990 814 599 273 80 49 691 92 220 632 707 982 189 834
425 689 898 818 762 726 77 710 120 551 794 83 294 297 497 520 253 547 651 957
100 906 188 281 171 463 920 572 467 79 494 689 149 202 594 393 164 175 320 814
803 398 935 184 913 678 109 64 223 761 116 195 817 76 430 853 254 330 959 683
35 294 342 714 934 297 22 250 55 472 354 4 45 103 399 741 623 686 622 69 215
559 641 697 123 854 349 956 760 718 824 253 353 72 494 838 863 454 781 555 778
96 943 891 928 683 476 244 836 204 597 203 756 24 728 117 286 580 244 502 591
499 575 910 691 710 31 809 989 287 52 988 898 795 845 838 434 918 110 474 377
679 950 618 455 757 636 671 287 690 905 155 245 877 350 571 66 162 912 348 341
569 50 171 326 835 753 140 245 874 601 675 472 339 402 197 609 800 811 146 259
51 983 736 560 110 800 121 321 813 318 288 631 327 619 135 865 714 914 484 249
982 386 182 250 628 458 432 389 275 384 68 661 243 218 395 354 445 316 915 261
682 979 875 394 880 471 840 507 489 668 505 90 702 247 278 984 92 143 962 362
105 309 238 195 965 679 666 506 971 696 892 742 770 863 990 171 721 748 664 801
929 181 378 563 788 815 895 861 686 710 57 62 698 958 480 514 632 345 356 415
635 305 60 22 702 328 45 997 848 480 828 812 908 437 181 289 903 936 59 8 201
798 697 427 290 498 303 247 555 857 782 4 326 739 921 954 572 873 370 505 611
722 891 143 883 741 88 519 235 587 59 806 555 52 48 361 517 922 559 386 203 436
213 271 492 900 157 107 724 431 238 410 873 20 96 94 985 893 956 185 798 348
155 102 207 974 223 901 918 121 403 546 171 460 589 338 992 807 58 999 26 322
487 239 85 498 372 164 990 650 531 83 284 517 725 495 651 414 12 300 135 697
784 237 371 914 954 878 133 701 528 122 389 714 24 389 320 628 877 730 173 213
162 836 61 579 517 914 21 113 219 803 638 166 695 602 961 583 306 794 36 312
687 922 720 150 938 609 412 81 876 821 449 146 607 252 494 460 250 780 209 606
855 54 18 930 739 682 297 787 624 823 635 211 45 184 637 761 22 131 683 112 410
124 575 657 899 605 950 802 991 687 364 91 540 331 276 591 73 732 812 956 901
103 482 923 836 547 911 845 960 459 19 673 673 964 450 241 502 743 272 239 169
339 15 960 77 709 573 503 293 348 996 439 580 251 879 338 271 88 444 163 217
639 680 888 217 613 28 384 735 545 995 595 132 37 235 791 372 916 499 579 328
125 967 953 663 947 662 534 495 451 238 412 501 206 262 23 617 628 818 119 785
987 84 819 994 937 999 791 24 334 573 276 594 658 459 992 449 112 910 308 870
387 141 699 190 565 793 541 534 294 289 916 935 862 392 999 984 160 850 611 938
911 575 607 391 229 177 657 13 51 451 993 317 366 468 138 471 17 9 1 871 557
271 786 239 299 511 323 857 864 120 668 384 818 42 726 188 274 549 223 447 841
861 868 927 356 852 268 563 155 232 89 658 674 41 592 447 284 17 999 370 81 40
288 769 144 269 52 119 463 442 277 648 751 66 63 316 837 486 480 524 531 274 93
832 346 959 651 115 718 683 568 743 483 596 990 941 946 67 301 286 820 773 365
2 884 554 558 734 117 363 523 254 362 127 35 667 493 197 959 352 518 119 888 68
431 410 681 390 791 170 432 591 25 892 779 20 794 673 962 67 792 54 640 559 352
375 190 205 29 138 562 443 961 390 967 862 968 544 990 770 158 6 498 659 448
454 506 933 628 749 735 398 492 114 509 85 850 132 762 219 3 535 681 33 661 261
198 484 269 409 520 229 909 716 274 996 984 104 881 738 544 453 398 905 427 633
75 498 565 256 703 910 759 180 601 980 373 332 372 141 534 13 32 168 466 853
606 291 959 108 278 566 143 395 121 650 167 591 651 224 289 418 836 386 747 203
541 819 480 8 23 988 515 717 51 84 465 820 458 649 506 585 192 314 140 668 3 30
172 231 425 570 134 577 515 598 784 468 896 768 947 768 740 299 455 299 151 614
167 694 910 819 540 790 500 56 993 438 542 715 686 839 754 923 103 481 192 942
412 134 150 951 381 276 80 414 935 243 733 645 545 787 293 722 533 210 569 726
230 852 270 751 950 320 61 257 413 924 463 837 264 796 505 831 945 215 220 456
990 626 396 955 666 559 525 511 851 839 824 552 998 753 147 868 809 821 794 962
563 893 780 783 51 581 4 866 872 640 319 875 254 227 462 322 183 103 257 214
662 242 458 914 746 181 105 492 671 66 84 942 366 208 610 794 930 741 90 316
496 518 699 659 974 552 194 294 420 356 883 321 390 466 799 445 902 629 665 174
442 290 137 845 516 760 275 914 82 647 43 881 468 117 571 583 846 96 754 474
498 605 304 978 830 896 444 94 308 97 81 497 342 115 41 378 316 323 260 836 780
140 701 349 503 196 290 150 373 846 938 56 494 279 287 714 817 578 876 70 44
915 255 277 504 115 240 493 422 577 309 795 471 833 775 978 563 710 945 861 729
440 690 437 432 418 59 599 68 256 829 546 681 203 213 123 383 874 137 917 738
514 883 46 433 5 480 851 782 539 538 562 616 669 817 808 776 134 159 264 869
450 819 287 804 565 17 522 595 729 138 717 902 130 260 50 271 195 373 396 929
945 315 73 759 730 167 489 752 626 338 809 579 447 309 256 99 87 881 791 898
759 741 596 863 682 193 466 187 121 334 387 367 152 901 297 320 123 499 649 714
332 155 331 41 541 149 188 672 23 100 85 508 362 138 260 330 523 413 509 665
462 437 170 825 971 383 889 967 144 653 205 318 843 344 46 230 899 584 734 867
721 59 506 727 320 799 210 567 65 873 583 40 25 457 644 352 545 896 579 758 343
421 580 146 233 49 755 975 418 723 334 714 708 918 500 867 989 59 299 800 119
403 114 659 576 210 22 841 763 559 575 149 55 769 177 650 253 158 241 891 237
997 174 690 894 682 284 791 382 962 369 724 222 901 609 955 47 507 604 411 482
32 909 203 209 786 667 767 737 316 891 215 862 565 96 397 997 95 306 715 647
659 999 142 75 915 875 624 373 658 718 952 68 369 154 640 371 380 846 774 215
362 11 273 557 726 313 711 175 205 632 676 141 108 780 276 197 893 65 589 929
830 513 615 198 340 879 459 476 532 674 302 840 753 780 708 410 273 13 334 98
435 932 609 951 895 420 254 589 700 233 64 443 594 544 634 378 274 393 118 637
82 694 537 310 358 507 183 711 652 866 442 771 372 630 854 487 421 61 709 674
424 388 379 914 747 524 691 480 127 839 385 60 453 446 30 996 911 872 257 598
571 622 866 434 898 456 835 175 694 865 995 935 896 543 476 941 692 393 702 665
751 179 835 841 492 401 393 950 152 544 915 763 685 42 716 675 899 990 64 197
748 144 824 737 438 540 651 176 697 188 89 695 101 223 814 153 218 519 442 320
822 843 321 872 667 272 798 486 488 563 45 281 861 578 953 460 821 563 375 963
852 52 134 306 99 11 815 609 57 606 188 464 556 937 460 790 857 440 407 112 289
56 428 675 155 226 284 225 884 489 751 124 200 753 968 467 754 593 380 618 809
562 363 848 821 555 835 842 15 207 720 598 922 824 275 694 874 305 65 8 208 57
378 200 712 425 813 781 87 709 659 962 238 734 1 509 669 31 773 109 399 992 641
688 50 237 823 803 583 819 675 704 162 964 41 719 900 91 21 699 652 158 278 276
377 277 298 920 232 112 57 572 39 591 622 207 698 8 667 49 330 318 800 761 554
505 283 373 354 314 456 999 92 329 821 440 842 549 441 524 431 160 933 60 116
450 977 453 552 348 120 173 982 499 682 820 931 209 849 346 789 304 268 816 228
82 56 649 989 893 927 191 888 307 281 356 257 498 478 892 749 168 5 683 295 549
249 281 518 730 503 47 519 373 434 120 904 283 752 281 962 620 692 597 574 636
503 234 878 289 326 157 955 995 380 829 13 401 951 125 995 281 913 279 462 913
32 870 312 30 443 902 812 592 411 354 933 148 278 330 456 335 152 809 63 995
478 500 614 218 746 398 460 818 490 130 187 188 617 701 276 149 5 641 285 650
340 1 344 288 902 884 853 608 385 962 980 221 987 21 804 304 365 180 10 698 435
779 430 102 250 951 685 453 293 629 894 776 223 36 194 849 186 141 169 773 142
381 362 685 798 647 129 453 54 985 150 343 855 645 171 335 467 162 70 73 929
887 851 531 620 441 756 180 925 274 868 472 832 323 311 505 841 184 720 362 194
544 384 103 671 517 515 330 642 400 374 192 379 982 159 599 449 862 403 240 502
198 353 628 118 817 657 571 880 247 451 940 551 444 218 422 196 492 967 662 734
622 932 206 358 654 905 594 874 746 909 589 260 52 630 460 272 618 771 778 628
128 706 36 712 227 837 672 137 876 517 992 124 247 229 51 482 141 239 469 114
427 337 878 148 17 225 380 288 529 45 917 63 992 246 282 485 42 823 350 158 143
377 436 303 671 237 677 886 716 720 879 824 934 803 541 781 42 867 865 572 403
233 482 708 19 774 638 474 848 191 41 259 84 892 786 147 824 635 794 814 15 724
75 965 899 48 299 492 832 466 170 87 415 349 964 58 644 60 698 589 829 719 602
685 948 669 538 452 922 968 199 255 522 383 255 728 465 373 294 869 261 9 22
375 567 894 189 759 158 480 690 879 282 138 203 78 970 116 255 128 564 503 837
223 406 124 229 200 2 980 653 835 998 530 600 691 653 512 840 39 446 982 386 16
907 608 33 309 242 866 872 223 780 104 968 635 35 556 520 276 532 175 517 576
339 220 612 602 769 65 612 544 268 291 34 835 296 197 54 276 832 964 456 420
621 496 73 251 522 965 630 650 531 387 173 935 998 927 638 169 796 504 435 559
435 877 6 278 149 937 996 363 681 285 925 604 37 850 679 205 820 164 7 483 804
93 770 136 747 941 764 349 41 175 652 167 34 379 427 158 961 897 272 828 592
196 383 344 343 631 213 549 323 640 290 380 970 415 973 759 906 92 496 616 634
678 329 681 531 113 786 433 108 804 375 756 595 36 438 15 572 945 225 604 119
941 424 941 435 177 491 957 683 453 485 491 832 354 176 429 66 639 592 512 761
470 577 701 306 549 151 412 933 341 750 370 621 885 58 559 810 827 974 291 814
345 422 735 452 393 260 86 108 704 850 580 608 230 171 863 599 785 280 127 886
531 977 244 981 207 69 217 784 273 280 285 741 11 911 46 467 597 760 439 343
508 880 388 971 310 573 66 877 75 675 837 181 279 908 9 432 751 593 748 578 56
411 136 833 129 63 540 323 170 794 75 94 950 619 361 10 476 178 603 483 319 120
666 841 366 683 945 743 364 85 872 166 198 306 675 610 761 222 819 338 184 666
686 459 781 553 142 31 565 206 166 788 490 861 71 93 953 723 958 303 775 678
949 487 228 632 422 360 316 575 175 342 995 458 120 826 771 744 85 905 156 121
943 276 25 930 836 508 171 753 521 558 975 908 427 910 659 911 640 872 768 110
365 57 74 55 350 585 494 80 447 668 838 275 659 325 482 119 845 554 418 826 969
362 978 20 178 961 282 766 926 363 992 896 125 10 397 496 828 697 734 557 529
511 397 539 281 976 971 549 382 712 83 153 63 510 976 869 229 235 686 277 248
215 781 625 430 549 571 249 702 304 863 976 809 738 76 606 386 994 1 875 476
425 706 419 308 720 316 446 814 204 936 54 88 954 514 715 933 738 732 850 394
416 511 558 141 126 861 780 812 686 494 314 490 488 674 132 561 464 718 636 317
597 586 833 68 651 612 243 539 21 887 828 786 585 990 824 672 358 170 967 985
795 135 858 779 706 444 329 826 105 518 802 856 367 899 330 61 575 457 31 998
488 473 406 38 537 671 717 924 197 374 791 61 850 208 523 195 114 724 585 79
101 424 689 472 133 153 490 951 541 215 699 265 770 533 845 590 860 807 65 783
554 489 814 700 130 265 843 126 378 357 914 537 621 575 855 824 843 576 986 679
870 600 806 384 774 114 813 241 10 494 422 621 174 906 741 136 611 233 830 784
349 515 119 577 254 40 61 784 846 323 690 650 842 753 696 365 625 668 168 31 54
956 350 556 951 612 590 952 381 110 580 103 991 445 576 515 378 617 157 759 231
139 927 681 213 411 482 925 455 543 168 124 928 468 683 638 686 724 533 20 546
791 436 324 107 51 54 509 522 246 931 439 795 413 217 365 316 452 637 435 767
288 303 284 993 548 861 567 605 366 316 315 264 784 679 22 358 409 725 353 463
605 308 29 128 47 304 853 795 977 784 48 106 893 959 341 95 961 47 82 165 314
791 877 111 52 36 206 475 466 400 174 411 380 581 546 872 492 543 368 685 809
965 657 167 859 398 166 154 285 740 759 511 946 853 327 22 962 822 929 750 97
622 663 425 318 8 8 874 806 291 153 406 416 864 571 614 764 282 11 404 756 891
788 73 580 803 729 902 308 170 372 301 305 348 244 292 176 782 24 96 449 291
853 265 259 933 900 28 376 408 454 519 137 990 717 477 637 496 54 733 930 746
723 993 208 632 501 509 857 50 435 572 253 703 399 252 280 124 302 273 295 123
309 269 981 817 505 120 901 454 693 139 216 648 536 175 846 43 775 9 614 421
450 612 32 425 625 27 275 378 406 523 353 783 6 757 49 67 383 124 593 764 165
65 434 591 727 578 862 839 436 256 969 58 39 414 603 296 548 485 156 573 742
787 547 946 562 871 794 198 613 711 46 596 198 650 262 681 807 181 616 716 322
352 58 358 983 631 641 651 757 475 684 543 369 592 900 553 732 165 276 845 599
66 744 87 321 595 476 36 215 337 291 909 174 547 503 577 410 315 828 874 779
804 284 551 11 208 378 536 408 876 866 753 162 958 193 373 75 261 124 946 672
851 358 575 224 34 867 709 606 589 602 782 668 952 739 775 463 913 891 947 296
630 21 62 6 693 94 502 264 893 428 506 241 45 99 341 641 155 183 446 650 605 40
262 469 361 667 49 789 339 180 521 301 680 899 360 590 18 661 627 834 669 915
69 296 105 199 220 68 261 237 222 176 619 397 125 881 368 374 737 115 815 490
122 737 195 837 806 173 673 428 260 128 528 125 59 26 629 683 729 10 834 639
440 367 840 618 585 397 116 844 333 224 756 641 726 888 244 652 973 139 347 172
926 806 447 801 499 362 651 927 688 196 53 481 815 879 492 234 871 893 487 822
417 563 706 205 207 498 76 609 938 926 959 174 859 105 748 902 555 183 599 915
1 395 629 758 406 746 339 185 653 487 657 345 912 153 319 791 174 456 884 534
535 687 847 517 341 321 159 576 283 115 608 808 568 936 444 176 191 137 777 146
493 32 996 902 458 170 526 833 364 623 344 617 495 285 387 556 514 171 662 714
717 41 610 614 922 685 889 748 470 201 80 328 469 273 504 530 455 614 297 570
721 792 109 726 881 674 247 93 450 632 980 843 706 719 389 925 928 590 754 81
503 541 254 788 201 791 424 238 312 164 570 953 491 730 614 764 457 745 940 178
841 938 402 194 390 635 251 363 743 479 344 913 519 213 612 445 256 249 940 291
230 303 498 903 403 526 408 219 281 909 239 144 732 398 227 12 337 782 270 883
828 963 944 525 573 539 746 983 22 177 822 777 818 30 233 348 938 483 339 507
537 456 692 714 696 277 632 677 981 370 455 976 911 869 612 424 676 432 747 216
907 441 508 980 417 224 572 702 268 73 75 504 382 991 323 876 743 480 661 731
367 772 428 945 559 22 980 602 540 317 45 752 458 849 363 137 515 348 610 539
591 666 139 533 87 668 794 69 67 85 458 286 773 649 110 42 815 978 482 957 809
334 328 869 802 595 651 952 13 392 691 695 913 703 990 161 978 374 436 119 685
696 197 595 815 851 574 968 443 758 822 989 842 29 142 411 47 13 922 621 466
256 927 910 672 16 499 3 308 282 905 550 93 847 617 738 495 898 174 101 553 970
681 169 9 260 581 481 951 944 30 850 69 314 289 395 132 161 606 13 356 530 365
875 287 822 992 171 903 207 536 436 377 692 5 974 712 708 517 465 586 327 190
262 359 976 284 886 136 750 563 782 660 873 70 107 137 416 938 992 300 498 648
893 82 281 907 915 811 856 322 224 672 566 296 447 749 188 149 571 222 968 176
797 460 906 73 762 465 481 748 647 429 537 67 312 412 614 672 667 713 166 751
949 445 501 515 741 693 858 475 504 769 945 126 829 461 3 497 237 54 99 221 74
663 37 451 846 848 852 331 384 403 896 37 93 897 871 591 208 579 380 237 690
563 741 628 872 874 566 312 237 72 138 186 562 747 181 572 45 983 986 326 178
663 542 854 292 635 568 835 464 520 396 541 297 511 536 6 241 597 473 962 929
717 780 267 552 473 683 295 338 694 587 919 634 202 90 668 549 694 781 362 47
972 919 748 856 479 281 146 743 363 270 976 711 161 944 765 942 863 57 89 990
518 815 495 54 479 75 270 733 576 574 874 804 106 97 973 926 836 141 527 158
693 966 423 381 918 660 419 317 708 263 63 51 423 777 628 417 502 228 433 976
51 309 913 407 293 474 621 549 777 550 943 651 695 180 844 642 383 206 51 263
134 710 479 454 539 272 953 728 398 415 12 731 637 454 949 534 751 719 153 235
50 628 676 951 793 64 398 931 615 892 167 695 556 937 878 116 643 214 257 255
150 524 374 716 938 275 637 993 901 982 116 767 961 991 71 30 844 796 592 181
317 699 54 512 45 571 188 809 290 849 992 604 670 984 208 462 157 604 987 645
707 867 730 596 354 812 546 248 366 745 821 832 868 143 487 470 123 735 191 651
455 864 129 852 851 133 422 402 104 996 428 447 687 407 263 792 931 52 515 324
384 139 130 555 52 918 52 319 863 270 377 529 77 474 810 574 875 736 133 601
601 911 105 99 186 125 584 92 235 814 884 534 621 470 89 357 289 239 606 88 745
538 26 371 747 764 939 660 638 623 36 710 888 649 144 106 602 827 271 214 18
326 666 454 789 443 879 535 55 489 472 910 646 361 96 36 645 615 302 447 341 22
544 79 537 756 883 391 9 667 513 920 219 667 101 329 162 339 738 486 418 685
869 958 327 642 121 667 97 949 686 353 541 68 828 742 194 919 864 451 339 181
18 211 246 149 87 675 921 115 80 492 402 802 987 93 620 465 820 828 484 922 127
214 753 178 393 444 561 738 147 728 692 213 957 391 28 237 42 99 879 393 974
538 146 205 847 675 992 182 813 225 503 308 671 830 429 782 899 532 370 93 906
716 549 990 944 686 84 258 425 973 882 449 875 551 247 969 374 594 650 60 956
183 587 999 884 65 468 503 188 66 432 720 358 531 25 439 53 234 161 930 47 505
117 592 671 583 265 976 70 408 186 54 142 527 540 540 198 104 275 225 128 560
856 947 369 514 471 287 111 748 232 821 180 560 505 220 852 489 428 146 74 465
172 798 718 634 305 552 128 600 761 393 260 267 560 909 105 350 20 50 412 797
651 169 993 734 837 257 360 945 688 490 638 249 90 672 789 470 39 443 705 441
130 490 518 337 219 349 45 406 980 286 943 557 893 950 312 149 273 320 401 505
938 449 571 948 822 295 109 240 163 245 749 997 116 198 670 8 7 750 4 138 457
708 174 758 874 610 938 426 766 876 475 403 629 601 126 885 525 451 438 364 499
285 743 478 806 740 244 626 641 820 928 332 986 277 505 578 496 136 513 973 280
749 868 897 366 245 401 159 313 386 593 81 825 420 480 583 667 322 30 709 550
669 236 440 642 96 716 83 118 708 81 21 974 137 776 812 148 73 925 537 34 489
556 899 391 714 435 107 291 877 639 463 524 615 496 350 764 55 137 819 409 916
791 438 52 697 970 874 246 530 497 547 86 81 915 422 18 768 169 134 212 910 281
315 904 341 959 539 279 313 520 893 739 882 860 353 943 838 242 135 938 666 44
52 592 930 822 133 607 325 289 816 341 338 3 978 751 417 285 169 470 856 477
581 293 426 851 80 889 161 761 932 85 723 964 843 509 280 943 75 90 843 297 761
919 282 147 841 959 844 775 566 685 185 495 963 136 903 291 437 999 602 98 702
150 798 351 204 35 709 644 763 519 487 242 113 794 923 957 72 152 913 720 500
933 952 681 661 650 702 474 235 593 168 850 345 214 982 955 785 839 58 788 487
729 638 664 446 622 198 225 633 600 932 345 213 680 307 986 685 286 932 475 151
672 961 462 847 33 619 766 711 85 457 447 9 562 33 274 596 364 936 324 34 216
399 147 744 589 947 117 767 692 360 517 492 840 520 860 887 694 776 660 489 29
448 352 552 726 808 262 3 876 123 335 223 736 619 4 754 282 11 497 498 967 994
462 292 416 188 799 391 140 959 752 286 338 340 700 745 339 840 845 482 802 245
582 301 525 984 66 450 961 49 278 470 154 665 374 348 750 243 18 440 46 77 985
32 771 31 354 545 666 31 76 545 280 110 973 930 193 278 767 373 717 349 354 896
816 990 615 400 235 214 611 516 292 299 899 42 313 464 178 527 410 418 542 14
144 615 402 563 228 655 710 914 756 684 488 423 464 580 645 433 97 354 20 179
61 461 412 188 641 359 233 330 755 597 486 6 217 7 639 565 400 953 589 391 293
926 408 985 646 528 411 712 900 930 204 842 730 726 541 49 27 332 331 401 328
79 37 17 776 766 609 389 635 553 55 462 212 185 814 437 708 273 740 460 286 233
674 840 652 166 896 826 756 765 385 902 184 367 5 976 757 734 495 404 168 817
186 580 457 641 739 325 936 584 776 695 537 994 478 641 337 107 677 699 809 390
696 108 149 923 725 318 563 299 904 981 127 560 40 70 678 180 931 295 544 853
699 334 367 685 492 945 92 597 581 101 407 695 101 839 592 772 86 63 398 62 501
74 522 111 853 75 379 594 173 493 449 548 976 973 494 782 766 580 743 57 234
850 469 60 28 159 758 936 273 857 667 881 706 335 72 406 408 672 621 671 976
864 527 190 373 895 839 956 943 966 124 549 241 174 458 602 480 992 757 52 294
398 60 513 591 234 802 410 811 519 777 867 195 473 179 418 685 365 938 174 785
546 691 581 388 81 821 226 858 696 761 410 40 653 420 212 409 274 352 118 161
995 603 35 413 461 321 378 779 446 423 307 233 283 793 452 348 851 232 396 37
136 800 85 952 51 939 167 970 383 613 601 875 812 801 173 509 217 813 34 129
941 703 958 750 419 161 739 629 274 57 693 997 235 17 105 314 155 877 940 529
509 841 932 530 644 825 604 511 443 574 560 868 151 59 261 997 993 828 586 841
134 394 943 400 523 990 65 504 233 388 770 786 658 528 78 628 726 972 755 716
107 858 617 352 870 893 125 160 71 661 810 677 621 944 234 208 501 604 769 729
423 607 933 425 427 731 589 719 364 136 93 822 774 56 557 475 227 546 958 485
183 613 907 616 967 979 478 943 433 123 175 339 893 176 979 941 990 381 861 391
670 92 34 852 4 957 75 741 918 102 478 520 577 38 804 817 946 715 605 421 397
96 573 194 825 580 747 670 275 410 942 376 441 229 616 87 186 803 444 245 767
581 348 87 909 451 74 629 747 631 202 773 371 546 713 185 991 402 922 718 144
903 472 694 861 927 770 935 915 887 759 948 510 596 739 841 451 75 191 653 915
174 330 58 344 607 759 140 390 908 226 417 997 875 39 907 621 160 561 688 922
24 824 869 981 799 878 299 605 419 726 620 161 813 697 701 404 877 296 905 978
712 421 658 486 97 934 138 688 753 482 875 56 322 204 61 506 144 696 174 770
128 560 527 766 815 743 620 983 242 643 582 136 83 265 557 588 102 24 902 626
225 262 763 713 399 694 324 68 173 385 639 328 263 475 957 404 873 650 734 646
37 903 23 22 657 302 771 367 545 445 58 325 423 587 959 359 392 864 847 805 472
193 214 113 499 221 778 209 92 373 967 334 812 510 936 332 402 544 37 787 884
336 263 745 496 308 905 549 66 55 509 204 342 435 647 13 898 848 12 961 572 149
554 325 928 588 406 285 687 563 985 414 317 55 259 542 81 463 838 819 877 659
712 451 270 897 583 951 772 687 872 71 546 226 266 445 99 661 776 887 173 432
347 350 918 250 660 186 833 651 950 341 855 94 533 988 387 289 469 19 730 26 95
854 438 513 523 836 970 697 999 544 782 680 59 159 460 371 325 399 726 754 142
675 827 170 79 230 502 883 969 914 597 604 747 373 782 88 680 932 150 672 713
380 725 993 462 446 32 630 968 917 815 70 333 631 526 929 902 709 874 390 452
128 314 382 33 152 216 628 65 338 798 176 98 30 495 915 777 369 941 264 380 746
528 795 273 814 6 586 574 682 844 921 476 114 949 302 452 75 512 257 568 736 7
533 799 625 474 885 381 96 803 402 569 421 969 848 970 159 740 385 108 295 176
441 230 647 623 103 698 995 737 874 914 287 182 276 395 683 515 414 604 784 184
720 79 675 89 804 589 79 93 274 18 237 247 338 643 651 889 903 521 209 959 922
786 468 430 303 687 131 728 70 33 701 331 357 86 589 560 517 66 119 205 184 976
488 871 191 704 194 343 998 878 286 547 544 901 763 968 711 732 179 325 735 530
65 132 45 910 714 34 484 248 560 864 709 995 565 231 371 544 634 918 243 5 187
942 836 222 664 758 396 612 86 447 293 637 993 493 214 849 750 697 851 114 176
468 103 460 135 418 238 441 332 428 642 49 829 999 798 483 559 1 166 584 784 79
879 563 390 635 410 89 781 319 931 443 321 138 464 6 806 469 436 935 608 362
240 646 789 215 100 741 467 850 801 918 575 983 468 489 721 746 855 276 127 592
777 920 124 93 871 983 83 829 374 669 429 313 373 400 39 150 837 248 148 151
427 778 453 41 319 343 454 935 184 103 568 695 408 711 409 163 259 282 773 341
295 710 971 67 470 209 15 696 421 27 410 512 505 647 681 763 897 121 491 277
808 679 485 671 420 218 317 722 537 486 38 449 463 872 855 966 100 802 871 42
551 610 969 34 895 584 283 884 200 773 94 997 821 278 632 932 77 679 524 942 84
496 112 755 103 400 366 81 915 678 750 132 702 997 165 310 145 994 60 45 588
601 558 319 434 619 962 225 369 81 618 989 400 836 884 66 371 596 107 429 419
963 205 462 725 133 485 363 925 300 426 244 753 274 962 990 618 17 275 614 733
660 744 831 897 277 570 736 52 681 92 798 523 13 106 654 748 323 482 283 644
997 536 422 446 50 740 167 435 742 844 425 579 149 993 727 647 208 121 9 961 55
82 32 718 634 726 144 647 731 3 705 600 943 168 949 215 397 369 689 829 857 117
383 331 173 941 482 335 369 201 163 491 908 937 637 994 479 833 554 651 13 373
785 242 466 613 742 575 103 385 15 38 179 880 693 879 691 193 654 606 198 310
503 256 83 686 528 526 410 691 524 400 637 440 61 699 124 929 468 532 676 417
925 506 486 169 310 464 28 233 813 197 373 443 39 59 497 291 283 182 539 762
656 368 63 353 466 463 261 683 782 454 301 698 876 884 876 167 517 339 720 808
747 632 242 905 231 60 601 996 541 524 101 163 641 391 489 423 83 651 227 972
639 353 326 267 168 912 612 733 506 486 763 393 961 157 158 437 613 149 986 722
540 51 510 155 517 827 309 201 324 832 15 129 876 535 450 639 493 833 971 9 772
937 424 563 369 596 186 793 584 8 463 919 850 18 403 141 416 92 277 946 959 429
227 186 27 27 302 993 345 462 366 759 274 937 916 601 791 999 982 537 628 216
577 245 331 361 493 170 6 980 773 215 399 146 163 801 772 982 434 998 341 974
612 671 128 92 514 202 860 737 242 291 274 546 577 632 282 95 703 812 897 122
573 573 153 997 911 55 194 516 754 402 941 643 660 391 853 445 739 293 821 911
909 241 106 663 269 213 771 444 512 823 182 924 405 308 997 530 851 112 649 970
464 85 327 817 837 873 997 861 320 953 286 430 147 457 951 756 658 624 74 728
11 703 40 811 687 79 918 608 171 431 164 902 460 807 414 200 465 203 382 955
301 904 898 28 52 409 37 42 542 233 801 382 705 790 665 103 462 512 689 407 681
612 590 19 86 526 530 33 578 924 704 139 372 863 624 844 43 524 217 728 105 188
320 916 382 407 762 57 39 749 417 500 710 357 53 713 470 599 329 119 579 388
166 42 915 371 395 430 816 953 926 191 38 325 117 828 208 706 34 26 780 150 605
803 957 909 425 26 430 953 701 428 461 768 378 224 801 678 543 20 431 498 959
670 898 624 581 86 129 877 762 694 475 832 841 984 945 510 587 492 586 784 641
578 510 756 333 291 248 84 950 575 297 257 971 433 425 695 869 212 181 391 765
136 897 708 665 452 726 407 581 505 751 476 905 618 406 634 74 644 811 97 608
443 824 838 770 820 208 227 413 853 715 483 767 796 165 955 383 266 334 452 457
958 20 150 828 85 367 845 425 84 722 25 77 288 225 231 450 818 933 602 316 402
917 185 200 852 695 689 84 242 526 85 108 474 767 859 234 841 715 237 349 606
216 402 401 916 560 153 925 602 382 59 731 854 497 868 146 984 894 166 442 250
840 920 856 57 548 834 985 53 698 637 880 886 669 68 454 869 668 923 167 178
795 708 799 403 345 3 802 90 686 676 377 141 25 41 536 428 765 338 860 528 286
109 93 573 72 633 697 262 880 496 179 351 968 470 425 786 75 943 178 236 667
571 663 599 134 683 440 524 510 972 133 623 251 945 552 885 668 8 339 566 264
43 173 98 124 551 471 94 685 953 79 452 46 650 674 700 837 780 694 819 307 185
246 525 133 231 33 682 606 260 422 496 403 154 602 390 279 810 275 181 678 68
757 913 530 177 395 814 926 559 696 733 896 358 198 312 323 537 736 715 946 484
782 801 687 87 391 523 829 230 554 382 191 487 696 827 176 840 220 766 551 831
600 376 278 113 440 410 745 940 366 38 14 754 430 174 112 513 754 709 465 417
756 5 599 528 832 712 151 199 547 849 249 940 867 7 35 158 846 875 35 789 374
641 566 32 617 932 124 985 256 746 673 786 736 170 209 612 150 833 846 458 32
897 689 944 559 79 474 51 121 830 643 844 51 534 307 434 369 902 148 827 928
438 275 432 913 533 847 542 727 10 778 504 828 636 173 125 257 716 84 914 4 173
708 909 350 298 445 374 584 718 729 906 377 839 605 27 14 587 217 239 390 650
474 514 388 532 177 434 311 211 824 566 310 369 544 761 47 49 127 200 74 228
981 75 923 886 793 905 553 430 607 924 939 579 516 526 501 148 249 781 196 116
888 459 454 519 512 95 226 759 770 768 342 473 290 209 858 79 757 691 636 262
434 780 752 56 623 706 392 272 680 208 441 665 768 171 715 931 11 913 646 844 3
616 454 275 980 187 382 167 363 687 466 480 248 814 983 828 767 837 979 123 373
41 770 683 4 696 308 199 523 871 71 9 453 957 72 972 997 865 28 992 310 370 943
71 625 806 235 935 127 52 451 255 895 930 692 361 506 479 944 347 951 337 315
891 566 832 919 414 5 23 800 78 395 750 434 148 782 68 883 798 455 766 874 3
945 465 932 51 994 904 402 386 34 584 82 690 760 701 355 30 124 546 168 529 99
680 158 485 666 363 760 448 572 983 894 229 610 852 933 406 651 680 748 788 207
890 474 379 811 12 2 787 56 488 237 131 90 869 386 239 108 401 667 550 696 866
409 625 723 998 998 367 103 209 975 82 107 710 764 29 192 7 492 380 958 682 305
32 248 409 888 929 844 289 426 811 582 974 218 228 411 868 46 326 62 692 708
568 293 504 504 875 378 943 204 364 419 539 462 300 746 370 162 233 266 958 733
841 988 224 385 58 590 93 145 655 728 985 711 622 932 39 9 733 98 790 831 928
519 365 160 388 77 398 935 428 73 855 193 563 114 53 106 980 212 740 549 897
975 946 910 136 127 82 844 854 786 201 613 284 235 804 978 593 663 926 892 860
461 471 795 660 516 611 175 651 10 471 686 564 769 903 83 232 296 278 248 808
515 25 127 591 600 861 207 785 34 545 668 943 115 785 898 341 152 841 718 592
893 583 529 380 126 556 79 991 350 735 599 560 37 877 115 663 672 4 337 621 148
554 962 495 521 607 647 734 936 407 533 534 855 949 349 314 387 93 531 154 306
52 76 783 740 923 82 164 740 483 573 419 463 155 340 61 191 808 603 38 976 493
245 121 340 463 454 131 681 513 616 134 404 611 961 995 328 661 866 351 965 477
655 950 982 943 940 380 40 637 537 415 518 568 371 909 397 340 948 631 141 262
114 823 183 969 757 337 461 125 66 607 977 738 129 711 169 768 272 826 107 537
549 759 834 545 323 960 46 883 416 546 779 767 788 200 994 762 421 653 243 587
563 4 613 388 624 242 614 532 66 671 866 826 976 751 977 942 365 593 345 472
801 790 890 467 267 934 633 39 525 337 295 681 252 200 26 30 884 507 149 950 86
959 836 307 239 700 31 381 233 970 980 479 863 269 391 236 791 628 680 212 586
321 370 816 892 431 588 426 842 12 556 896 764 45 464 776 272 656 543 449 405
342 106 121 628 34 901 178 798 155 802 914 324 311 261 245 25 163 54 916 543
722 244 987 992 156 601 462 851 223 746 178 192 12 276 911 365 255 287 801 358
430 289 15 155 319 980 627 28 391 315 23 674 368 550 976 988 802 310 133 617
727 499 542 964 52 827 605 895 412 993 961 838 534 761 525 589 116 510 730 102
90 764 819 865 31 420 361 238 770 506 154 14 990 912 840 183 927 644 452 782
680 472 274 333 178 857 934 836 705 53 862 668 562 141 167 403 165 340 442 883
959 830 390 161 677 935 417 923 987 317 742 449 351 285 931 488 420 655 327 384
754 707 189 874 465 437 901 910 761 824 647 426 470 973 514 7 681 759 59 309
587 194 478 593 822 25 635 604 48 815 777 788 104 245 633 770 788 687 760 512
717 648 262 27 19 84 536 438 567 836 524 30 535 352 35 321 871 923 289 484 33
463 909 842 368 725 713 334 616 314 224 90 650 295 660 77 679 494 53 796 978
233 346 327 622 657 538 278 157 887 762 383 727 416 464 461 771 351 684 972 286
628 464 281 364 288 891 904 461 133 215 189 202 782 566 289 857 383 845 783 583
562 891 711 813 801 88 482 197 890 748 36 760 785 669 826 510 785 650 907 591
13 30 389 156 180 902 450 463 432 54 182 163 241 74 75 818 510 576 607 173 135
106 126 113 457 220 191 164 676 705 499 826 294 574 932 948 242 132 873 33 28
171 15 3 594 28 341 208 142 543 282 745 336 621 271 404 296 242 492 43 833 345
419 982 123 992 798 670 548 888 69 477 450 827 402 443 323 366 582 159 795 458
537 968 243 371 36 324 58 859 446 469 100 516 327 940 247 926 61 12 910 556 976
812 611 298 973 470 57 324 679 175 22 658 94 56 583 147 394 590 212 249 550 658
541 713 735 664 579 320 73 430 778 553 128 266 320 795 407 916 370 711 183 823
882 245 435 951 797 747 112 580 524 992 112 274 825 860 490 635 729 145 607 74
34 401 920 571 390 733 343 153 137 361 999 398 1 647 195 762 252 222 611 686
543 262 705 65 72 2 487 207 882 502 654 384 283 871 789 909 804 610 214 380 895
70 552 923 569 55 156 103 965 640 852 930 931 952 474 817 216 48 701 734 531
151 530 157 591 336 588 294 32 383 294 932 536 151 155 342 27 725 411 582 528
614 304 303 944 409 372 325 78 67 207 695 249 946 827 233 928 771 555 420 990
871 902 653 766 153 170 940 804 755 964 326 128 259 682 633 919 752 912 220 886
429 167 194 4 247 910 266 844 141 445 823 262 498 588 309 726 255 470 758 469
694 526 67 879 218 179 97 931 264 377 305 613 290 818 550 868 391 221 826 899
35 820 507 744 185 771 935 597 817 895 847 870 190 573 306 103 911 614 592 258
191 288 168 214 100 431 773 377 355 709 165 278 511 326 392 268 888 790 147 115
241 234 600 492 439 151 699 524 319 794 793 522 240 958 538 479 962 789 654 609
931 919 596 276 816 722 949 501 238 147 915 190 938 729 286 408 531 960 745 70
735 125 997 60 420 874 988 96 545 667 528 209 161 36 340 221 986 489 717 741
733 5 348 623 361 123 477 656 890 218 516 379 912 49 982 274 150 154 597 554
101 604 373 615 166 385 646 457 270 301 509 251 131 49 608 664 800 438 506 761
945 467 909 945 779 660 858 190 631 934 231 306 176 8 922 94 2 671 593 204 229
367 165 859 455 709 554 237 272 802 826 955 954 643 108 579 909 476 153 987 938
647 896 352 323 992 696 99 636 745 790 181 305 419 987 637 561 447 493 245 967
822 555 757 973 657 9 79 24 291 304 590 239 0
