74 207 994 232 900 604 731 953 75 978 436 433 204 57 537 794 497 422 113 44 501
906 890 214 206 774 259 374 93 700 76 522 121 674 832 362 819 142 288 438 66
350 969 236 540 53 274 608 516 790 267 31 333 397 142 386 644 266 808 550 60
908 461 162 341 268 329 383 818 748 271 108 142 952 329 394 697 892 394 447 857
507 895 959 746 378 934 218 760 943 143 499 639 94 600 208 293 382 397 497 412
930 727 492 603 337 162 83 430 677 830 388 531 332 746 881 244 422 564 324 14
442 412 200 69 876 761 745 445 52 471 885 186 241 816 163 404 303 167 939 53
449 224 903 48 604 697 843 150 346 34 869 184 46 34 683 533 41 587 139 23 161
574 366 550 822 637 286 31 98 662 710 346 653 656 811 3 450 439 862 586 167 756
744 469 710 177 982 490 288 480 410 262 144 121 895 512 522 114 962 72 499 989
447 531 676 762 489 326 686 837 118 321 63 622 953 487 720 988 10 541 579 820
814 510 108 295 631 478 85 136 304 873 927 124 497 492 783 14 845 973 279 491
905 783 18 410 648 161 408 318 76 665 606 930 128 121 463 890 56 518 793 877
758 214 728 102 55 887 196 202 32 973 944 453 973 80 550 430 565 613 685 357
457 463 894 415 933 676 167 858 630 2 51 258 720 322 415 922 921 862 584 55 153
666 300 880 534 93 401 993 422 133 800 315 128 351 36 376 304 52 570 663 923
393 161 486 227 736 421 748 925 529 222 21 588 253 352 453 109 643 329 90 616
964 987 721 682 198 187 521 644 699 237 531 329 687 423 290 651 567 598 167 115
504 741 886 578 118 937 401 826 496 966 418 487 936 312 80 686 679 800 444 604
967 838 790 864 701 469 51 911 929 714 462 281 554 468 192 234 349 497 195 787
270 167 38 596 340 411 370 159 893 226 459 897 237 612 418 607 791 166 150 2
611 744 945 906 581 807 606 411 99 752 660 686 36 395 106 465 990 120 921 283
128 371 48 412 393 743 467 341 181 84 294 216 520 902 764 325 423 55 374 575
565 257 264 27 458 984 493 370 490 5 626 623 747 725 248 845 87 159 782 576 398
178 885 161 367 853 984 867 840 840 74 509 942 163 662 453 325 307 867 135 261
664 837 973 242 44 733 318 753 606 49 173 199 704 816 941 145 463 484 694 100
873 328 286 423 444 449 801 401 386 689 763 323 202 609 492 772 924 86 713 926
645 248 864 346 557 845 722 912 145 590 528 861 352 50 157 774 903 451 205 850
389 27 208 322 264 448 720 913 53 706 528 623 755 563 665 237 643 477 841 553
219 165 828 587 300 481 995 527 251 643 162 641 84 746 378 375 143 596 395 177
879 281 227 64 106 110 113 54 339 456 548 969 746 449 176 837 440 590 30 692
734 529 305 410 650 727 407 572 816 700 842 796 298 121 299 463 674 827 626 315
800 63 537 439 626 909 43 990 230 566 101 567 324 936 921 893 149 672 780 136
56 991 693 64 41 927 183 423 297 127 863 457 917 847 265 919 151 216 682 948 7
131 940 315 217 559 983 152 745 60 148 482 907 685 823 847 752 595 382 722 34
623 599 946 401 892 847 415 273 603 192 965 330 626 970 375 226 799 556 364 346
535 795 215 524 966 487 462 813 258 492 388 580 754 809 809 783 692 477 225 596
721 653 196 172 157 982 727 472 642 816 704 698 231 255 635 686 505 254 466 805
618 450 797 455 669 240 391 934 19 30 15 337 743 461 843 100 523 776 304 817
896 218 256 121 893 468 450 667 158 863 133 624 909 41 845 880 649 764 41 239
425 930 579 76 799 677 844 796 918 625 442 9 848 514 451 809 752 517 221 854
258 555 209 378 421 366 207 858 337 662 884 623 442 577 684 56 205 506 862 399
912 612 800 131 275 456 622 700 880 679 649 985 91 942 856 883 432 121 37 99
506 503 599 876 41 815 857 437 437 89 252 307 190 186 296 20 996 247 16 922 868
802 365 866 756 206 786 974 325 26 229 335 731 671 488 404 117 278 300 673 549
643 560 618 311 10 878 727 79 788 920 233 21 545 608 195 887 356 641 177 994
867 10 418 835 18 407 224 272 378 115 639 221 788 607 230 810 309 609 932 233
148 546 629 944 548 965 60 362 15 121 250 944 798 33 844 475 963 762 227 600
208 498 725 638 68 790 985 555 518 643 437 786 25 512 672 639 891 756 33 956
995 728 215 935 164 64 631 897 679 80 508 894 84 469 534 390 704 98 872 801 361
309 628 726 739 34 441 808 827 954 78 932 312 266 165 978 965 940 797 522 906
316 376 396 211 244 959 379 888 125 436 367 606 485 709 857 573 90 425 970 977
621 198 127 668 521 602 796 798 280 511 278 892 446 470 667 824 432 101 243 794
688 823 313 397 920 216 659 160 375 498 910 226 133 959 487 704 266 206 785 137
972 568 435 52 712 286 830 524 449 246 691 933 984 341 533 405 254 435 104 75
603 776 875 5 363 14 496 611 497 430 87 741 758 449 596 541 813 155 333 118 823
789 29 849 639 528 786 313 599 998 216 596 379 745 181 545 644 568 645 547 450
541 915 142 675 4 235 152 489 643 731 272 22 631 539 523 154 127 20 247 173 274
603 318 102 172 332 210 218 959 954 662 115 432 662 27 96 907 274 591 946 677
807 718 716 734 419 465 237 795 326 206 246 372 734 520 17 788 127 251 111 227
523 823 849 762 947 734 5 793 50 422 907 484 502 965 346 376 844 364 363 380
188 87 338 695 398 931 665 2 433 621 812 702 509 208 663 671 251 83 634 431 653
452 915 630 378 556 802 85 903 824 897 583 814 341 538 587 972 285 586 926 991
406 537 704 381 155 877 290 751 784 225 43 695 997 117 629 729 932 29 751 918
115 581 374 120 208 735 941 253 896 268 109 506 130 34 695 730 681 925 325 912
222 52 914 195 895 555 80 4 487 74 748 186 915 546 281 368 446 704 424 544 916
352 305 256 662 865 86 795 329 113 283 329 702 929 54 727 368 110 69 51 878 488
891 554 355 358 969 930 164 547 918 553 667 247 874 865 485 526 480 505 236 936
347 222 461 917 223 235 376 272 474 616 361 909 335 998 753 459 620 35 402 520
534 45 135 115 218 116 124 956 662 5 811 395 189 595 449 209 479 636 112 271
266 324 82 431 582 74 60 534 811 396 722 672 320 388 145 903 248 194 83 456 376
35 483 829 137 788 921 240 479 945 344 647 1 2 618 667 790 910 182 919 317 277
382 928 45 714 55 384 686 885 881 31 204 116 549 898 772 648 694 311 172 696
359 748 9 107 860 583 215 496 167 139 820 48 313 9 690 505 633 996 514 236 564
500 883 482 521 10 403 874 81 277 114 598 897 393 389 843 616 45 478 733 411
134 522 544 295 926 874 80 223 653 757 466 431 707 207 258 607 605 690 82 472
319 10 63 963 164 879 94 613 527 270 980 910 301 353 39 873 240 774 674 43 687
907 826 162 365 126 236 783 56 702 569 937 242 544 953 665 157 574 846 748 85
770 466 183 708 63 52 627 355 112 497 255 343 27 110 225 762 393 208 403 609
396 881 169 557 712 311 177 901 790 793 163 681 572 892 592 325 785 362 129 599
59 75 234 298 118 903 211 827 229 133 423 960 135 856 902 490 17 20 576 216 692
957 561 93 676 56 37 547 855 83 685 274 864 421 289 522 568 369 716 982 52 88
588 930 873 212 544 260 410 134 654 214 175 414 500 532 238 400 902 816 154 136
225 115 815 849 975 501 141 60 395 884 897 708 297 86 970 797 338 894 431 996
479 115 987 211 144 292 524 537 229 576 620 244 546 224 469 639 846 27 505 653
352 647 31 293 874 982 404 500 926 370 847 189 2 637 927 833 512 694 808 445
519 854 62 962 202 147 983 713 191 376 186 473 62 680 351 595 597 245 214 848
457 995 769 969 32 857 239 850 635 989 726 65 412 707 51 128 601 412 324 887
973 580 882 106 733 329 443 760 424 249 199 599 96 435 444 889 478 378 600 653
382 539 67 44 215 961 56 45 246 87 859 358 193 488 908 8 125 609 90 233 430 937
573 13 607 887 723 178 149 776 749 656 844 450 272 343 941 497 460 766 89 751
579 765 273 675 899 834 930 395 771 821 84 735 932 522 664 974 125 175 572 976
23 158 290 742 4 455 556 886 830 88 23 417 838 864 737 494 687 890 520 629 239
479 903 917 517 892 399 844 551 638 719 367 114 163 873 27 974 524 431 221 680
83 40 775 109 391 217 510 725 691 379 117 767 151 437 742 323 864 561 965 555
482 648 454 389 724 693 73 336 774 861 973 105 259 325 637 302 966 837 234 78
752 616 459 94 857 418 678 818 767 579 249 971 388 513 78 888 854 739 146 9 768
898 474 602 422 735 482 568 84 314 231 652 285 185 123 426 635 811 934 318 842
109 507 826 494 117 320 818 724 695 142 515 572 83 921 194 878 151 373 675 345
879 849 830 25 266 756 503 567 21 958 111 36 801 444 970 776 985 400 570 266
924 594 96 177 979 547 680 779 815 851 50 895 731 24 59 320 987 712 264 756 731
129 753 358 169 945 578 929 604 463 175 734 178 400 74 242 683 304 310 986 902
249 810 557 309 510 66 569 400 305 547 764 239 485 88 375 623 13 971 76 337 305
405 932 9 320 413 94 975 241 574 781 386 713 820 669 702 275 762 443 500 419
906 504 157 70 381 26 926 111 291 103 516 892 852 235 617 621 288 937 990 996
571 466 535 494 981 231 482 208 979 238 55 921 392 225 727 302 269 290 213 141
331 481 339 429 426 995 105 698 535 706 457 622 64 190 433 130 383 784 997 329
642 550 789 219 848 456 584 461 818 291 443 61 121 919 558 891 254 815 122 974
916 474 670 506 348 191 253 26 633 690 349 313 388 378 723 409 402 909 333 817
136 651 193 956 882 142 802 954 14 171 721 451 874 644 131 774 837 121 838 415
219 832 196 969 499 344 273 39 447 658 260 218 67 236 904 629 899 647 372 920
453 549 602 676 994 212 400 426 578 107 998 390 786 588 729 894 207 387 485 365
611 459 92 765 818 128 443 180 98 21 89 141 790 736 915 14 462 47 305 443 408
678 824 730 819 51 366 174 577 553 325 271 881 909 935 496 65 918 894 54 383 96
368 541 320 51 302 666 469 213 754 84 839 570 701 622 575 213 834 140 887 428
988 127 49 531 264 932 257 589 351 990 255 466 743 304 745 246 257 671 241 848
162 830 453 25 46 440 708 805 620 759 54 315 796 128 949 376 869 677 549 810
632 77 914 908 781 702 834 210 470 804 512 431 209 304 154 459 719 966 249 917
767 892 776 564 456 533 398 35 443 186 108 900 286 542 422 8 682 903 828 631
870 225 507 35 750 742 938 618 968 7 360 983 942 890 664 107 615 151 498 100
709 822 683 217 146 440 506 396 32 606 713 685 655 528 96 239 442 363 737 505
65 821 943 102 187 282 14 688 912 267 994 564 361 119 302 60 806 696 17 337 438
229 847 263 130 912 199 147 395 393 261 275 79 171 148 921 540 115 716 60 597
433 373 993 819 970 659 136 77 853 131 575 733 784 939 384 760 765 77 117 987
383 882 169 775 744 217 969 555 129 91 60 898 169 540 31 196 851 996 390 797
848 463 756 89 723 530 262 352 139 29 376 698 920 795 536 801 734 23 121 289
343 453 345 686 469 777 981 741 783 28 869 388 51 648 742 753 388 302 865 986
946 277 534 854 441 821 461 426 732 30 382 471 192 903 446 40 881 766 956 399
652 901 654 985 493 52 578 47 323 865 360 80 517 483 723 947 225 255 883 527
443 549 966 273 799 130 762 544 67 881 650 52 746 692 313 547 436 281 212 685
896 940 915 502 455 309 220 180 929 676 781 336 334 451 646 794 415 565 819 753
65 424 160 500 411 737 682 205 813 619 761 998 163 136 437 385 382 903 637 438
149 438 570 938 540 46 515 819 789 655 893 25 905 235 192 909 987 815 611 227
326 289 919 225 517 110 175 579 746 722 523 96 89 270 836 735 666 63 59 807 463
597 602 126 109 756 146 991 363 701 976 797 791 992 600 884 745 860 504 594 219
21 432 863 28 979 583 174 629 957 313 93 607 470 574 370 480 849 349 803 260
389 294 664 670 915 13 718 679 849 315 564 388 15 685 202 72 710 800 924 381 39
960 504 659 867 988 759 165 782 170 106 726 389 618 60 892 23 181 660 335 390
754 620 731 897 108 319 846 985 296 636 768 10 856 182 845 798 204 342 50 66
942 72 791 139 479 118 793 478 924 17 99 990 50 839 934 900 382 621 352 806 758
447 460 981 753 470 868 889 385 34 842 472 41 141 533 838 868 487 122 464 243
760 793 628 505 948 549 118 21 454 573 698 354 328 110 639 830 404 848 221 142
750 157 257 57 849 973 558 894 363 366 969 819 409 296 397 334 762 232 882 497
47 247 312 598 529 774 680 297 577 722 202 497 643 806 543 609 840 655 687 87
943 77 585 884 392 56 692 222 101 52 181 104 143 571 402 59 950 977 6 936 199
249 20 358 375 230 337 691 296 256 494 249 512 95 200 769 334 955 5 555 213 496
842 515 620 349 286 729 3 98 477 321 206 462 702 461 185 39 351 563 844 854 627
17 673 255 683 441 679 603 855 910 929 168 195 643 93 833 285 801 463 591 296 4
24 922 825 569 221 0
