709 758 729 992 683 335 461 448 795 154 878 210 574 45 79 303 931 831 984 259
514 622 401 858 778 413 699 867 13 20 955 318 481 679 47 349 124 272 425 800
649 668 417 234 316 363 688 660 481 827 834 299 455 76 764 851 777 64 697 848
552 957 183 116 986 12 420 924 193 582 743 913 470 870 522 766 925 399 888 995
727 873 367 89 997 405 837 746 576 968 964 615 593 698 444 660 870 361 416 809
812 100 981 229 494 669 874 948 181 117 382 183 283 206 321 185 582 387 144 826
642 292 854 169 272 1 419 87 452 294 616 991 41 400 275 916 709 107 645 926 660
799 178 978 246 103 14 963 181 520 917 472 782 738 383 302 744 61 943 372 366
401 137 720 476 483 859 739 508 79 377 546 632 440 747 694 585 785 245 156 994
955 121 986 389 847 504 53 863 710 329 944 111 551 323 62 10 630 669 817 257
830 822 389 702 907 168 722 455 303 681 210 600 666 723 612 489 308 882 643 222
276 424 328 663 291 441 119 940 800 157 478 337 187 502 409 875 409 615 414 231
439 891 373 692 742 236 539 844 951 311 875 188 459 885 523 114 398 722 723 988
725 819 383 742 102 266 915 532 773 909 626 624 258 84 349 549 799 969 778 610
920 594 656 533 340 608 103 567 2 862 208 617 837 237 445 783 247 469 613 47
950 944 983 591 707 596 837 679 205 922 410 838 802 809 534 985 915 52 547 740
33 49 17 164 874 708 975 911 584 971 355 31 425 323 717 168 66 66 752 574 471
455 966 283 683 591 187 617 373 231 798 808 461 116 507 348 886 382 498 289 611
909 999 615 253 914 258 546 371 488 738 227 226 724 706 189 906 85 786 183 197
8 886 610 595 83 394 575 344 741 818 535 475 106 574 837 7 794 935 597 325 738
813 366 569 863 766 997 389 179 169 626 493 593 547 63 687 928 165 174 444 736
386 497 849 188 618 683 580 609 619 305 3 103 198 210 342 551 34 230 686 493 11
193 601 3 711 379 989 632 863 579 588 918 544 951 533 1 498 468 331 647 336 611
935 857 946 308 658 505 183 983 726 805 563 113 694 476 836 924 172 178 68 701
91 15 483 703 116 731 172 188 333 239 36 291 589 862 512 37 170 954 99 461 872
37 511 527 66 506 670 34 208 858 822 346 22 414 103 653 598 18 253 41 839 12
543 910 252 196 236 911 446 680 353 550 159 803 684 612 614 925 519 694 264 509
815 197 320 719 359 221 770 47 67 980 899 506 119 792 414 484 476 304 208 289
706 751 827 729 668 169 557 823 898 403 969 590 487 774 135 217 643 917 131 472
464 927 420 930 979 677 960 342 530 454 587 15 62 299 553 154 682 543 324 930
381 550 607 565 357 405 921 137 175 813 974 252 99 455 669 282 808 560 456 404
256 209 837 643 720 820 840 740 944 10 187 454 401 99 369 117 776 699 955 822
578 468 888 32 623 456 163 855 198 981 547 908 948 324 98 824 479 628 309 673
678 416 261 265 710 974 119 211 428 851 119 834 343 793 165 768 944 353 901 804
238 407 248 312 924 380 982 298 402 576 54 860 633 708 93 384 535 213 433 971
389 883 171 689 515 264 130 601 688 672 491 198 535 598 898 851 419 772 256 745
799 216 604 425 987 84 616 578 131 158 992 370 178 109 598 992 299 121 506 94
314 224 449 325 169 160 150 261 554 920 185 67 260 950 633 310 923 792 809 439
373 728 493 491 617 485 262 900 652 391 47 423 873 660 146 593 470 838 620 276
619 857 83 888 388 292 991 278 598 15 154 248 50 199 126 504 913 976 950 253
362 266 233 545 455 241 578 127 812 40 168 135 843 416 89 208 299 892 631 731
514 858 247 555 913 487 967 165 344 650 94 483 256 928 440 657 945 445 162 298
365 239 264 545 561 362 960 892 657 701 567 217 847 211 859 520 237 957 605 966
161 973 185 160 904 866 237 43 293 218 890 566 289 778 776 792 433 427 780 842
523 11 180 37 503 244 884 646 853 312 213 646 585 489 478 723 162 119 978 652
942 325 535 791 732 849 754 291 759 839 720 842 599 935 925 261 484 569 237 220
378 273 779 562 453 319 373 862 249 922 286 374 454 295 469 23 240 617 384 273
885 522 305 300 204 798 174 214 314 742 823 53 411 337 368 352 624 259 896 796
402 565 519 445 250 320 544 949 307 145 278 638 971 951 94 792 345 360 89 240
724 237 213 564 876 361 336 534 394 542 86 882 576 0
